1
2
3
5
8
11
12
13
14
15
16
17
19
20
21
22
23
24
25
27
28
29
30
31
32
33
34
35
36
37
39
40
41
43
44
46
47
48
49
50
51
52
53
54
55
56
59
60
61
62
63
64
65
66
68
69
70
72
73
74
75
76
77
78
79
80
82
83
84
86
87
88
89
91
92
93
95
96
97
98
99
100
101
103
105
106
107
109
110
111
112
113
115
116
117
118
120
121
122
123
124
125
127
128
129
130
131
132
133
134
136
138
139
140
142
144
145
146
147
148
149
150
151
152
153
154
155
156
158
160
161
162
163
164
165
166
167
168
169
170
171
172
173
174
175
176
177
178
182
183
184
185
186
187
188
189
190
191
192
193
194
195
196
197
198
199
200
201
202
203
205
206
207
208
209
210
211
212
213
215
216
218
219
220
221
222
223
224
225
226
227
228
229
231
232
233
234
235
236
237
238
239
240
241
242
243
244
245
246
247
248
249
251
252
253
255
256
257
259
260
262
263
264
265
266
267
269
270
271
272
273
274
275
276
277
278
280
281
282
283
284
285
286
287
288
289
290
291
292
293
294
295
297
298
299
300
301
302
304
305
306
307
312
313
314
315
316
317
319
320
321
323
324
325
326
328
329
331
333
334
335
336
337
339
340
341
342
343
344
345
348
349
350
351
353
355
356
357
358
360
361
362
364
366
367
368
369
370
371
372
374
376
377
378
379
380
381
382
383
384
385
386
387
388
389
390
391
392
393
394
395
398
399
400
401
402
403
405
406
408
409
410
411
412
413
414
415
416
417
418
419
420
421
422
423
425
426
428
429
430
432
433
434
436
437
439
440
441
442
443
444
445
446
447
448
449
450
451
452
454
455
456
457
458
460
461
462
463
465
466
467
468
469
470
472
473
475
476
477
479
481
482
483
484
485
486
487
488
489
492
493
495
496
498
500
501
502
503
505
506
507
509
510
511
512
515
516
517
518
519
520
521
522
523
525
526
527
529
530
531
532
533
535
536
537
538
539
540
541
542
543
545
546
547
548
549
550
551
552
554
555
556
557
558
559
560
561
562
563
564
566
567
568
569
570
571
572
574
575
576
578
579
580
581
582
583
584
585
586
588
589
590
591
593
594
595
596
598
599
600
601
602
603
604
605
606
607
608
609
610
612
613
614
615
616
617
618
620
621
622
623
625
626
627
628
629
630
632
633
634
635
636
637
638
639
641
642
643
644
646
647
648
649
651
654
655
656
657
658
659
660
661
662
663
664
666
667
668
669
670
671
672
674
675
677
679
680
681
682
683
684
685
686
690
691
692
693
694
695
696
697
698
699
700
701
702
703
704
705
706
707
708
709
711
712
713
714
716
718
719
721
722
723
724
725
726
727
728
729
731
732
733
734
735
736
737
738
740
741
742
743
744
745
746
747
748
749
750
751
752
753
754
757
759
760
761
762
763
764
765
766
767
768
769
771
773
776
777
778
779
781
782
784
785
786
787
788
789
790
791
792
793
794
795
796
797
798
799
800
801
802
803
804
807
808
810
811
812
813
814
815
816
817
818
820
821
822
823
824
826
827
828
830
831
832
834
835
836
837
838
839
840
841
842
843
844
845
846
847
848
849
850
851
852
853
854
855
856
857
858
860
861
862
863
864
865
866
867
868
869
870
871
872
873
874
875
879
881
882
883
884
885
886
887
889
891
892
893
894
895
896
897
898
899
901
902
903
904
905
906
907
908
909
910
912
914
916
917
918
919
922
923
924
925
928
929
930
931
932
933
934
935
936
937
938
939
941
942
943
944
945
946
947
948
949
950
951
952
956
957
958
959
960
961
962
963
965
966
967
968
969
971
972
973
974
975
976
977
978
979
980
981
982
983
986
987
988
989
990
994
995
996
997
999
1000
1002
1004
1006
1007
1008
1009
1010
1011
1012
1013
1015
1016
1017
1021
1022
1023
1024
1025
1026
1027
1029
1030
1034
1035
1036
1038
1039
1040
1041
1045
1046
1047
1049
1050
1051
1053
1054
1055
1056
1057
1059
1060
1061
1062
1063
1065
1066
1067
1068
1069
1072
1073
1074
1075
1076
1077
1078
1079
1080
1081
1083
1084
1086
1087
1089
1090
1091
1092
1093
1094
1095
1096
1097
1098
1099
1101
1102
1103
1104
1105
1106
1107
1108
1109
1110
1111
1113
1114
1115
1116
1117
1118
1119
1122
1123
1124
1125
1127
1128
1130
1131
1132
1133
1134
1135
1136
1138
1139
1140
1141
1142
1143
1144
1145
1147
1148
1149
1150
1151
1152
1153
1154
1155
1156
1157
1158
1159
1160
1161
1162
1163
1164
1165
1166
1167
1168
1169
1170
1171
1172
1173
1174
1175
1176
1177
1179
1180
1181
1185
1186
1187
1188
1191
1192
1193
1195
1197
1198
1199
1200
1201
1202
1203
1204
1205
1208
1209
1210
1212
1213
1214
1215
1216
1217
1218
1219
1220
1222
1223
1224
1225
1228
1229
1230
1232
1233
1234
1235
1236
1237
1238
1239
1240
1241
1242
1243
1245
1246
1247
1248
1249
1250
1251
1253
1254
1255
1256
1257
1259
1260
1261
1262
1263
1264
1265
1266
1267
1268
1269
1271
1273
1274
1275
1276
1277
1278
1279
1280
1281
1282
1283
1285
1286
1287
1288
1291
1292
1293
1294
1296
1297
1298
1299
1300
1301
1302
1303
1304
1305
1306
1307
1308
1309
1310
1311
1312
1313
1314
1315
1316
1318
1319
1320
1321
1322
1323
1324
1325
1326
1327
1328
1329
1330
1331
1332
1333
1334
1335
1336
1337
1338
1339
1340
1341
1343
1344
1345
1346
1349
1350
1351
1352
1354
1355
1356
1357
1358
1359
1360
1361
1362
1364
1366
1367
1369
1370
1371
1372
1374
1375
1376
1377
1379
1380
1381
1382
1385
1390
1391
1392
1393
1394
1395
1396
1397
1398
1400
1401
1403
1404
1405
1406
1407
1408
1410
1411
1412
1413
1414
1415
1416
1417
1418
1419
1421
1422
1423
1427
1428
1431
1432
1433
1435
1436
1437
1438
1439
1440
1441
1442
1443
1445
1446
1447
1448